[header]
width=100
height=100
tilewidth=16
tileheight=16
orientation=orthogonal

[tilesets]
tileset=../../Images/mario-tile-map.png,16,16,0,0

[layer]
type=Calque de Tile 1
data=
463,463,463,463,463,463,463,463,463,463,463,463,463,463,463,463,463,463,463,463,463,463,463,463,463,463,463,463,463,463,463,463,463,463,463,463,463,463,463,463,463,463,463,463,463,463,463,463,463,463,463,463,463,463,463,463,463,463,463,463,463,463,463,463,463,463,463,463,463,463,463,463,463,463,463,463,463,463,463,463,463,463,463,463,463,463,463,463,463,463,463,463,463,463,463,463,463,463,463,463,
463,463,463,463,463,463,463,463,463,463,463,463,463,463,463,463,463,463,463,463,463,463,463,463,463,463,463,463,463,463,463,463,463,463,463,463,463,463,463,463,463,463,463,463,463,463,463,463,463,463,463,463,463,463,463,463,463,463,463,463,463,463,463,463,463,463,463,463,463,463,463,463,463,463,463,463,463,463,463,463,463,463,463,463,463,463,463,463,463,463,463,463,463,463,463,463,463,463,463,463,
463,463,463,463,463,463,463,463,463,463,463,463,463,463,463,463,463,463,463,463,463,463,463,463,463,463,463,463,463,463,463,463,463,463,463,463,463,463,463,463,463,463,463,463,463,463,463,463,463,463,463,463,463,463,463,463,463,463,463,463,463,463,463,463,463,463,463,463,463,463,463,463,463,463,463,463,463,463,463,463,463,463,463,463,463,463,463,463,463,463,463,463,463,463,463,463,463,463,463,463,
463,463,463,463,463,463,463,463,463,463,463,463,463,463,463,463,463,463,463,463,463,463,463,463,463,463,463,463,463,463,463,463,463,463,463,463,463,463,463,463,463,463,463,463,463,463,463,463,463,463,463,463,463,463,463,463,463,463,463,463,463,463,463,463,463,463,463,463,463,463,463,463,463,463,463,463,463,463,463,463,463,463,463,463,463,463,463,463,463,463,463,463,463,463,463,463,463,463,463,463,
463,463,463,463,463,463,463,463,463,463,463,463,463,463,463,463,463,463,463,463,463,463,463,463,463,463,463,463,463,463,463,463,463,463,463,463,463,463,463,463,463,463,463,463,463,463,463,463,463,463,463,463,463,463,463,463,463,463,463,463,463,463,463,463,463,463,463,463,463,463,463,463,463,463,463,463,463,463,463,463,463,463,463,463,463,463,463,463,463,463,463,463,463,463,463,463,463,463,463,463,
463,463,463,463,463,463,463,463,463,463,463,463,463,463,463,463,463,463,463,463,463,463,463,463,463,463,463,463,463,463,463,463,463,463,463,463,463,463,463,463,463,463,463,463,463,463,463,463,463,463,463,463,463,463,463,463,463,463,463,463,463,463,463,463,463,463,463,463,463,463,463,463,463,463,463,463,463,463,463,463,463,463,463,463,463,463,463,463,463,463,463,463,463,463,463,463,463,463,463,463,
463,463,463,463,463,463,463,463,463,463,463,463,463,463,463,463,463,463,463,463,463,463,463,463,463,463,463,463,463,463,463,463,463,463,463,463,463,463,463,463,463,463,463,463,463,463,463,463,463,463,463,463,463,463,463,463,463,463,463,463,463,463,463,463,463,463,463,463,463,463,463,463,463,463,463,463,463,463,463,463,463,463,463,463,463,463,463,463,463,463,463,463,463,463,463,463,463,463,463,463,
463,463,463,463,463,463,463,463,463,463,463,463,463,463,463,463,463,463,463,463,463,463,463,463,463,463,463,463,463,463,463,463,463,463,463,463,463,463,463,463,463,463,463,463,463,463,463,463,463,463,463,463,463,463,463,463,463,463,463,463,463,463,463,463,463,463,463,463,463,463,463,463,463,463,463,463,463,463,463,463,463,463,463,463,463,463,463,463,463,463,463,463,463,463,463,463,463,463,463,463,
463,463,463,463,463,463,463,463,463,463,463,463,463,463,463,463,463,463,463,463,463,463,463,463,463,463,463,463,463,463,463,463,463,463,463,463,463,463,463,463,463,463,463,463,463,463,463,463,463,463,463,463,463,463,463,463,463,463,463,463,463,463,463,463,463,463,463,463,463,463,463,463,463,463,463,463,463,463,463,463,463,463,463,463,463,463,463,463,463,463,463,463,463,463,463,463,463,463,463,463,
463,463,463,463,463,463,463,463,463,463,463,463,463,463,463,463,463,463,463,463,463,463,463,463,463,463,463,463,463,463,463,463,463,463,463,463,463,463,463,463,463,463,463,463,463,463,463,463,463,463,463,463,463,463,463,463,463,463,463,463,463,463,463,463,463,463,463,463,463,463,463,463,463,463,463,463,463,463,463,463,463,463,463,463,463,463,463,463,463,463,463,463,463,463,463,463,463,463,463,463,
463,463,463,463,463,463,463,463,463,463,463,463,463,463,463,463,463,463,463,463,463,463,463,463,463,463,463,463,463,463,463,463,463,463,463,463,463,463,463,463,463,463,463,463,463,463,463,463,463,463,463,463,463,463,463,463,463,463,463,463,463,463,463,463,463,463,463,463,463,463,463,463,463,463,463,463,463,463,463,463,463,463,463,463,463,463,463,463,463,463,463,463,463,463,463,463,463,463,463,463,
463,463,463,463,463,463,463,463,463,463,463,463,463,463,463,463,463,463,463,463,463,463,463,463,463,463,463,463,463,463,463,463,463,463,463,463,463,463,463,463,463,463,463,463,463,463,463,463,463,463,463,463,463,463,463,463,463,463,463,463,463,463,463,463,463,463,463,463,463,463,463,463,463,463,463,463,463,463,463,463,463,463,463,463,463,463,463,463,463,463,463,463,463,463,463,463,463,463,463,463,
463,463,463,463,463,463,463,463,463,463,463,463,463,463,463,463,463,463,463,463,463,463,463,463,463,463,463,463,463,463,463,463,463,463,463,463,463,463,463,463,463,463,463,463,463,463,463,463,463,463,463,463,463,463,463,463,463,463,463,463,463,463,463,463,463,463,463,463,463,463,463,463,463,463,463,463,463,463,463,463,463,463,463,463,463,463,463,463,463,463,463,463,463,463,463,463,463,463,463,463,
463,463,463,463,463,463,463,463,463,463,463,463,463,463,463,463,463,463,463,463,463,463,463,463,463,463,463,463,463,463,463,463,463,463,463,463,463,463,463,463,463,463,463,463,463,463,463,463,463,463,463,463,463,463,463,463,463,463,463,463,463,463,463,463,463,463,463,463,463,463,463,463,463,463,463,463,463,463,463,463,463,463,463,463,463,463,463,463,463,463,463,463,463,463,463,463,463,463,463,463,
463,463,463,463,463,463,463,463,463,463,463,463,463,463,463,463,463,463,463,463,463,463,463,463,463,463,463,463,463,463,463,463,463,463,463,463,463,463,463,463,463,463,463,463,463,463,463,463,463,463,463,463,463,463,463,463,463,463,463,463,463,463,463,463,463,463,463,463,463,463,463,463,463,463,463,463,463,463,463,463,463,463,463,463,463,463,463,463,463,463,463,463,463,463,463,463,463,463,463,463,
463,463,463,463,463,463,463,463,463,463,463,463,463,463,463,463,463,463,463,463,463,463,463,463,463,463,463,463,463,463,463,463,463,463,463,463,463,463,463,463,463,463,463,463,463,463,463,463,463,463,463,463,463,463,463,463,463,463,463,463,463,463,463,463,463,463,463,463,463,463,463,463,463,463,463,463,463,463,463,463,463,463,463,463,463,463,463,463,463,463,463,463,463,463,463,463,463,463,463,463,
463,463,463,463,463,463,463,463,463,463,463,463,463,463,463,463,463,463,463,463,463,463,463,463,463,463,463,463,463,463,463,463,463,463,463,463,463,463,463,463,463,463,463,463,463,463,463,463,463,463,463,463,463,463,463,463,463,463,463,463,463,463,463,463,463,463,463,463,463,463,463,463,463,463,463,463,463,463,463,463,463,463,463,463,463,463,463,463,463,463,463,463,463,463,463,463,463,463,463,463,
463,463,463,463,463,463,463,463,463,463,463,463,463,463,463,463,463,463,463,463,463,463,463,463,463,463,463,463,463,463,463,463,463,463,463,463,463,463,463,463,463,463,463,463,463,463,463,463,463,463,463,463,463,463,463,463,463,463,463,463,463,463,463,463,463,463,463,463,463,463,463,463,463,463,463,463,463,463,463,463,463,463,463,463,463,463,463,463,463,463,463,463,463,463,463,463,463,463,463,463,
463,463,463,463,463,463,463,463,463,463,463,463,463,463,463,463,463,463,463,463,463,463,463,463,463,463,463,463,463,463,463,463,463,463,463,463,463,463,463,463,463,463,463,463,463,463,463,463,463,463,463,463,463,463,463,463,463,463,463,463,463,463,463,463,463,463,463,463,463,463,463,463,463,463,463,463,463,463,463,463,463,463,463,463,463,463,463,463,463,463,463,463,463,463,463,463,463,463,463,463,
463,463,463,463,463,463,463,463,463,463,463,463,463,463,463,463,463,463,463,463,463,463,463,463,463,463,463,463,463,463,463,463,463,463,463,463,463,463,463,463,463,463,463,463,463,463,463,463,463,463,463,463,463,463,463,463,463,463,463,463,463,463,463,463,463,463,463,463,463,463,463,463,463,463,463,463,463,463,463,463,463,463,463,463,463,463,463,463,463,463,463,463,463,463,463,463,463,463,463,463,
463,463,463,463,463,463,463,463,463,463,463,463,463,463,463,463,463,463,463,463,463,463,463,463,463,463,463,463,463,463,463,463,463,463,463,463,463,463,463,463,463,463,463,463,463,463,463,463,463,463,463,463,463,463,463,463,463,463,463,463,463,463,463,463,463,463,463,463,463,463,463,463,463,463,463,463,463,463,463,463,463,463,463,463,463,463,463,463,463,463,463,463,463,463,463,463,463,463,463,463,
463,463,463,463,463,463,463,463,463,463,463,463,463,463,463,463,463,463,463,463,463,463,463,463,463,463,463,463,463,463,463,463,463,463,463,463,463,463,463,463,463,463,463,463,463,463,463,463,463,463,463,463,463,463,463,463,463,463,463,463,463,463,463,463,463,463,463,463,463,463,463,463,463,463,463,463,463,463,463,463,463,463,463,463,463,463,463,463,463,463,463,463,463,463,463,463,463,463,463,463,
463,463,463,463,463,463,463,463,463,463,463,463,463,463,463,463,463,463,463,463,463,463,463,463,463,463,463,463,463,463,463,463,463,463,463,463,463,463,463,463,463,463,463,463,463,463,463,463,463,463,463,463,463,463,463,463,463,463,463,463,463,463,463,463,463,463,463,463,463,463,463,463,463,463,463,463,463,463,463,463,463,463,463,463,463,463,463,463,463,463,463,463,463,463,463,463,463,463,463,463,
463,463,463,463,463,463,463,463,463,463,463,463,463,463,463,463,463,463,463,463,463,463,463,463,463,463,463,463,463,463,463,463,463,463,463,463,463,463,463,463,463,463,463,463,463,463,463,463,463,463,463,463,463,463,463,463,463,463,463,463,463,463,463,463,463,463,463,463,463,463,463,463,463,463,463,463,463,463,463,463,463,463,463,463,463,463,463,463,463,463,463,463,463,463,463,463,463,463,463,463,
463,463,463,463,463,463,463,463,463,463,463,463,463,463,463,463,463,463,463,463,463,463,463,463,463,463,463,463,463,463,463,463,463,463,463,463,463,463,463,463,463,463,463,463,463,463,463,463,463,463,463,463,463,463,463,463,463,463,463,463,463,463,463,463,463,463,463,463,463,463,463,463,463,463,463,463,463,463,463,463,463,463,463,463,463,463,463,463,463,463,463,463,463,463,463,463,463,463,463,463,
463,463,463,463,463,463,463,463,463,463,463,463,463,463,463,463,463,463,463,463,463,463,463,463,463,463,463,463,463,463,463,463,463,463,463,463,463,463,463,463,463,463,463,463,463,463,463,463,463,463,463,463,463,463,463,463,463,463,463,463,463,463,463,463,463,463,463,463,463,463,463,463,463,463,463,463,463,463,463,463,463,463,463,463,463,463,463,463,463,463,463,463,463,463,463,463,463,463,463,463,
463,463,463,463,463,463,463,463,463,463,463,463,463,463,463,463,463,463,463,463,463,463,463,463,463,463,463,463,463,463,463,463,463,463,463,463,463,463,463,463,463,463,463,463,463,463,463,463,463,463,463,463,463,463,463,463,463,463,463,463,463,463,463,463,463,463,463,463,463,463,463,463,463,463,463,463,463,463,463,463,463,463,463,463,463,463,463,463,463,463,463,463,463,463,463,463,463,463,463,463,
463,463,463,463,463,463,463,463,463,463,463,463,463,463,463,463,463,463,463,463,463,463,463,463,463,463,463,463,463,463,463,463,463,463,463,463,463,463,463,463,463,463,2636,2637,463,463,463,463,463,463,463,463,463,463,463,463,463,463,463,463,463,463,463,463,463,463,463,463,463,463,463,463,463,463,463,463,463,463,463,463,463,463,463,463,463,463,463,463,463,463,463,463,463,463,463,463,463,463,463,463,
463,463,463,463,463,463,463,463,463,463,463,463,463,463,463,463,463,463,463,463,463,463,463,463,463,463,463,463,463,463,463,463,463,463,2486,2487,463,463,463,463,463,463,2711,2712,463,463,463,463,463,463,463,463,463,2484,2485,463,463,463,463,463,463,463,463,463,1,2,2,2,3,463,463,463,463,463,463,463,463,463,463,463,463,463,463,463,463,463,463,463,463,463,463,463,463,463,463,463,463,463,463,463,
463,463,463,463,463,463,463,463,463,463,463,463,463,463,463,463,463,463,463,463,463,463,463,463,463,463,463,463,2634,2635,463,463,463,463,2561,2562,463,463,463,463,1,2,2,2,3,463,463,463,2632,2633,463,463,463,2559,2560,463,463,463,1,2,2,2,3,463,76,77,77,77,78,463,463,463,463,463,463,463,463,463,463,463,463,463,463,463,463,463,463,463,463,463,463,463,463,463,463,463,463,463,463,463,
463,463,463,463,463,463,463,463,463,2488,2489,463,463,463,463,463,463,463,463,463,463,463,463,2488,2489,463,463,463,2709,2710,463,463,463,1,2,2,2,3,463,463,76,77,77,77,78,463,463,463,2707,2708,463,463,1,2,2,2,3,463,76,77,77,77,78,463,151,152,152,152,153,463,463,463,463,463,463,463,463,463,463,463,463,463,463,463,463,463,463,463,463,463,463,463,463,463,463,463,463,463,463,463,
463,463,2482,2483,463,463,463,463,463,2563,2564,463,463,463,463,463,2488,2489,463,463,463,463,463,2563,2564,463,463,1,2,2,2,3,463,76,77,77,77,78,463,463,151,152,152,152,153,463,1,2,2,2,3,463,76,77,77,77,78,463,151,152,152,152,153,463,463,463,463,463,463,463,463,463,463,463,463,463,463,463,463,463,463,463,463,463,463,463,463,463,463,1,2,2,2,3,463,463,463,463,463,463,
463,463,2557,2558,463,463,463,1,2,2,2,3,463,463,463,463,2563,2564,463,463,463,1,2,2,2,3,463,76,77,77,77,78,463,151,152,152,152,153,463,463,463,463,463,463,463,463,76,77,77,77,78,463,151,152,152,152,153,463,463,463,463,463,463,463,463,463,463,463,463,463,463,463,463,463,463,463,463,463,463,463,463,463,463,1,2,2,2,3,463,76,77,77,77,78,463,463,463,463,463,463,
1,2,2,2,3,463,463,76,77,77,77,78,463,463,1,2,2,2,3,463,463,76,77,77,77,78,463,151,152,152,152,153,463,463,463,463,463,463,463,463,463,463,463,463,463,463,151,152,152,152,153,463,463,463,463,463,463,463,463,463,463,463,463,463,463,463,463,463,463,463,1,2,2,2,3,463,463,1,2,2,2,3,463,76,77,77,77,78,463,151,152,152,152,153,463,1,2,2,2,3,
76,77,77,77,78,463,463,151,152,152,152,153,463,463,76,77,77,77,78,463,463,151,152,152,152,153,463,463,463,463,1959,1959,1959,1959,1959,463,463,463,463,463,463,463,463,463,463,463,463,463,463,463,463,463,463,463,463,463,463,463,463,463,463,463,463,463,463,463,463,463,463,463,76,77,77,77,78,463,463,76,77,77,77,78,463,151,152,152,152,153,463,463,463,463,463,463,463,76,77,77,77,78,
151,152,152,152,153,463,463,463,463,463,463,463,463,463,151,152,152,152,153,463,463,463,463,463,463,463,463,463,463,463,1959,1959,1959,1959,1959,463,463,463,463,463,463,463,463,463,463,463,463,463,463,463,463,463,463,463,463,463,463,463,463,463,463,463,463,463,463,463,463,463,463,463,151,152,152,152,153,463,463,151,152,152,152,153,463,463,463,463,463,463,463,463,463,463,463,463,463,151,152,152,152,153,
463,463,463,463,463,463,463,463,463,463,463,463,463,463,463,463,463,463,463,463,463,463,463,463,463,463,463,463,463,463,1959,1959,1959,1959,1959,463,463,463,463,463,463,463,463,463,463,463,463,463,463,463,463,463,463,463,463,463,463,463,463,463,463,463,463,463,463,463,463,463,463,463,463,463,463,463,463,463,463,463,463,463,463,463,463,463,463,463,463,463,463,463,463,463,463,463,463,463,463,463,463,463,
463,463,463,463,463,463,463,463,463,463,463,463,463,463,463,463,463,463,463,463,463,463,463,463,463,463,463,463,463,463,463,463,463,463,463,463,463,463,463,463,463,463,463,463,463,463,463,463,463,463,463,463,463,463,463,463,463,463,463,463,463,463,463,463,463,463,463,463,463,463,463,463,463,463,463,463,463,463,463,463,463,463,463,463,463,463,463,463,463,463,463,463,463,463,463,463,463,463,463,463,
463,463,463,463,463,463,463,463,463,463,463,463,463,463,463,463,463,463,463,463,463,463,463,463,463,463,463,463,463,463,463,463,463,463,463,463,463,463,463,463,463,463,463,463,463,463,463,463,463,463,463,463,463,463,463,463,463,463,463,463,463,463,463,463,463,463,463,463,463,463,463,463,463,463,463,463,463,463,463,463,463,463,463,463,463,463,463,463,463,463,463,463,463,463,463,463,463,463,463,463,
463,463,463,463,463,463,463,463,463,463,463,463,463,463,463,463,463,463,463,463,463,463,463,463,463,463,463,463,463,463,463,463,463,463,463,463,463,463,463,463,463,463,463,463,463,463,463,463,463,463,463,463,463,463,463,463,463,463,463,463,463,463,463,463,463,463,463,463,463,463,463,463,463,463,463,463,463,463,463,463,463,463,463,463,463,463,463,463,463,463,463,463,463,463,463,463,463,463,463,463,
463,463,463,463,463,463,463,463,463,463,463,463,463,463,463,463,463,463,463,463,463,463,463,463,463,463,463,463,463,463,463,463,463,463,463,463,463,463,463,463,463,463,463,463,463,463,463,463,463,463,463,463,463,463,463,463,463,463,463,463,463,463,463,463,463,463,463,463,463,463,463,463,463,463,463,463,463,463,463,463,463,463,463,463,463,463,463,463,463,463,463,463,463,463,463,463,463,463,463,463,
463,463,463,463,463,463,463,463,463,463,463,463,463,463,463,463,463,463,463,463,463,463,463,463,463,463,463,463,463,463,463,463,463,463,463,463,463,463,463,463,463,463,463,463,463,463,463,463,463,463,463,463,463,463,463,463,463,463,463,463,463,463,463,463,463,463,463,463,463,463,463,463,463,463,463,463,463,463,463,463,463,463,463,463,463,463,463,463,463,463,463,463,463,463,463,463,463,463,463,463,
463,463,463,463,463,463,463,463,463,463,463,463,463,463,463,463,463,463,463,463,463,463,463,463,463,463,463,463,463,463,463,463,463,463,463,463,463,463,463,463,463,463,463,463,463,463,463,463,463,463,463,463,463,463,463,463,463,463,463,463,463,463,463,463,463,463,463,463,463,463,463,463,463,463,463,463,463,463,463,463,463,463,463,463,463,463,463,463,463,463,463,463,463,463,463,463,463,463,463,463,
463,463,463,463,463,463,463,463,463,463,463,463,463,463,463,463,463,463,463,463,463,463,463,463,463,463,463,463,463,463,463,463,463,463,463,463,463,463,463,463,463,463,463,463,463,463,463,463,463,463,463,463,463,463,463,463,463,463,463,463,463,463,463,463,463,463,463,463,463,463,463,463,463,463,463,463,463,463,463,463,463,463,463,463,463,463,463,463,463,463,463,463,463,463,463,463,463,463,463,463,
463,463,463,463,463,463,463,463,463,463,463,463,463,463,463,463,463,463,463,463,463,463,463,463,463,463,463,463,463,463,463,463,463,463,463,463,463,463,463,463,463,463,463,463,463,463,463,463,463,463,463,463,463,463,463,463,463,463,463,463,463,463,463,463,463,463,463,463,463,463,463,463,463,463,463,463,463,463,463,463,463,463,463,463,463,463,463,463,463,463,463,463,463,463,463,463,463,463,463,463,
463,463,463,463,463,463,463,463,463,463,463,463,463,463,463,463,463,463,463,463,463,463,463,463,463,463,463,463,463,463,463,463,463,463,463,463,463,463,463,463,463,463,463,463,463,463,463,463,463,463,463,463,463,463,463,463,463,463,463,463,463,463,463,463,463,463,463,463,463,463,463,463,463,463,463,463,463,463,463,463,463,463,463,463,463,463,463,463,463,463,463,463,463,463,463,463,463,463,463,463,
463,463,463,463,463,463,463,463,463,463,463,463,463,463,463,463,463,463,463,463,463,463,463,463,463,463,463,463,463,463,463,463,463,463,463,463,463,463,463,463,463,463,463,463,463,463,463,463,463,463,463,463,463,463,463,463,463,463,463,463,463,463,463,463,463,463,463,463,463,463,463,463,463,463,463,463,463,463,463,463,463,463,463,463,463,463,463,463,463,463,463,463,463,463,463,463,463,463,463,463,
463,463,463,463,463,463,463,463,463,463,463,463,463,463,463,463,463,463,463,463,463,463,463,463,463,463,463,463,463,463,463,463,463,463,463,463,463,463,463,463,463,463,463,463,463,463,463,463,463,463,463,463,463,463,463,463,463,463,463,463,463,463,463,463,463,463,463,463,463,463,463,463,463,463,463,463,463,463,463,463,463,463,463,463,463,463,463,463,463,463,463,463,463,463,463,463,463,463,463,463,
463,463,463,463,463,463,463,463,463,463,463,463,463,463,463,463,463,463,463,463,463,463,463,463,463,463,463,463,463,463,463,463,463,463,463,463,463,463,463,463,463,463,463,463,463,463,463,463,463,463,463,463,463,463,463,463,463,463,463,463,463,463,463,463,463,463,463,463,463,463,463,463,463,463,463,463,463,463,463,463,463,463,463,463,463,463,463,463,463,463,463,463,463,463,463,463,463,463,463,463,
463,463,463,463,463,463,463,463,463,463,463,463,463,463,463,463,463,463,463,463,463,463,463,463,463,463,463,463,463,463,463,463,463,463,463,463,463,463,463,463,463,463,463,463,463,463,463,463,463,463,463,463,463,463,463,463,463,463,463,463,463,463,463,463,463,463,463,463,463,463,463,463,463,463,463,463,463,463,463,463,463,463,463,463,463,463,463,463,463,463,463,463,463,463,463,463,463,463,463,463,
463,463,463,463,463,463,463,463,463,463,463,463,463,463,463,463,463,463,463,463,463,463,463,463,463,463,463,463,463,463,463,463,463,463,463,463,463,463,463,463,463,463,463,463,463,463,463,463,463,463,463,463,463,463,463,463,463,463,463,463,463,463,463,463,463,463,463,463,463,463,463,463,463,463,463,463,463,463,463,463,463,463,463,463,463,463,463,463,463,463,463,463,463,463,463,463,463,463,463,463,
463,463,463,463,463,463,463,463,463,463,463,463,463,463,463,463,463,463,463,463,463,463,463,463,463,463,463,463,463,463,463,463,463,463,463,463,463,463,463,463,463,463,463,463,463,463,463,463,463,463,463,463,463,463,463,463,463,463,463,463,463,463,463,463,463,463,463,463,463,463,463,463,463,463,463,463,463,463,463,463,463,463,463,463,463,463,463,463,463,463,463,463,463,463,463,463,463,463,463,463,
463,463,463,463,463,463,463,463,463,463,463,463,463,463,463,463,463,463,463,463,463,463,463,463,463,463,463,463,463,463,463,463,463,463,463,463,463,463,463,463,463,463,463,463,463,463,463,463,463,463,463,463,463,463,463,463,463,463,463,463,463,463,463,463,463,463,463,463,463,463,463,463,463,463,463,463,463,463,463,463,463,463,463,463,463,463,463,463,463,463,463,463,463,463,463,463,463,463,463,463,
463,463,463,463,463,463,463,463,463,463,463,463,463,463,463,463,463,463,463,463,463,463,463,463,463,463,463,463,463,463,463,463,463,463,463,463,463,463,463,463,463,463,463,463,463,463,463,463,463,463,463,463,463,463,463,463,463,463,463,463,463,463,463,463,463,463,463,463,463,463,463,463,463,463,463,463,463,463,463,463,463,463,463,463,463,463,463,463,463,463,463,463,463,463,463,463,463,463,463,463,
463,463,463,463,463,463,463,463,463,463,463,463,463,463,463,463,463,463,463,463,463,463,463,463,463,463,463,463,463,463,463,463,463,463,463,463,463,463,463,463,463,463,463,463,463,463,463,463,463,463,463,463,463,463,463,463,463,463,463,463,463,463,463,463,463,463,463,463,463,463,463,463,463,463,463,463,463,463,463,463,463,463,463,463,463,463,463,463,463,463,463,463,463,463,463,463,463,463,463,463,
463,463,463,463,463,463,463,463,463,463,463,463,463,463,463,463,463,463,463,463,463,463,463,463,463,463,463,463,463,463,463,463,463,463,463,463,463,463,463,463,463,463,463,463,463,463,463,463,463,463,463,463,463,463,463,463,463,463,463,463,463,463,463,463,463,463,463,463,463,463,463,463,463,463,463,463,463,463,463,463,463,463,463,463,463,463,463,463,463,463,463,463,463,463,463,463,463,463,463,463,
463,463,463,463,463,463,463,463,463,463,463,463,463,463,463,463,463,463,463,463,463,463,463,463,463,463,463,463,463,463,463,463,463,463,463,463,463,463,463,463,463,463,463,463,463,463,463,463,463,463,463,463,463,463,463,463,463,463,463,463,463,463,463,463,463,463,463,463,463,463,463,463,463,463,463,463,463,463,463,463,463,463,463,463,463,463,463,463,463,463,463,463,463,463,463,463,463,463,463,463,
463,463,463,463,463,463,463,463,463,463,463,463,463,463,463,463,463,463,463,463,463,463,463,463,463,463,463,463,463,463,463,463,463,463,463,463,463,463,463,463,463,463,463,463,463,463,463,463,463,463,463,463,463,463,463,463,463,463,463,463,463,463,463,463,463,463,463,463,463,463,463,463,463,463,463,463,463,463,463,463,463,463,463,463,463,463,463,463,463,463,463,463,463,463,463,463,463,463,463,463,
463,463,463,463,463,463,463,463,463,463,463,463,463,463,463,463,463,463,463,463,463,463,463,463,463,463,463,463,463,463,463,463,463,463,463,463,463,463,463,463,463,463,463,463,463,463,463,463,463,463,463,463,463,463,463,463,463,463,463,463,463,463,463,463,463,463,463,463,463,463,463,463,463,463,463,463,463,463,463,463,463,463,463,463,463,463,463,463,463,463,463,463,463,463,463,463,463,463,463,463,
463,463,463,463,463,463,463,463,463,463,463,463,463,463,463,463,463,463,463,463,463,463,463,463,463,463,463,463,463,463,463,463,463,463,463,463,463,463,463,463,463,463,463,463,463,463,463,463,463,463,463,463,463,463,463,463,463,463,463,463,463,463,463,463,463,463,463,463,463,463,463,463,463,463,463,463,463,463,463,463,463,463,463,463,463,463,463,463,463,463,463,463,463,463,463,463,463,463,463,463,
463,463,463,463,463,463,463,463,463,463,463,463,463,463,463,463,463,463,463,463,463,463,463,463,463,463,463,463,463,463,463,463,463,463,463,463,463,463,463,463,463,463,463,463,463,463,463,463,463,463,463,463,463,463,463,463,463,463,463,463,463,463,463,463,463,463,463,463,463,463,463,463,463,463,463,463,463,463,463,463,463,463,463,463,463,463,463,463,463,463,463,463,463,463,463,463,463,463,463,463,
463,463,463,463,463,463,463,463,463,463,463,463,463,463,463,463,463,463,463,463,463,463,463,463,463,463,463,463,463,463,463,463,463,463,463,463,463,463,463,463,463,463,463,463,463,463,463,463,463,463,463,463,463,463,463,463,463,463,463,463,463,463,463,463,463,463,463,463,463,463,463,463,463,463,463,463,463,463,463,463,463,463,463,463,463,463,463,463,463,463,463,463,463,463,463,463,463,463,463,463,
463,463,463,463,463,463,463,463,463,463,463,463,463,463,463,463,463,463,463,463,463,463,463,463,463,463,463,463,463,463,463,463,463,463,463,463,463,463,463,463,463,463,463,463,463,463,463,463,463,463,463,463,463,463,463,463,463,463,463,463,463,463,463,463,463,463,463,463,463,463,463,463,463,463,463,463,463,463,463,463,463,463,463,463,463,463,463,463,463,463,463,463,463,463,463,463,463,463,463,463,
463,463,463,463,463,463,463,463,463,463,463,463,463,463,463,463,463,463,463,463,463,463,463,463,463,463,463,463,463,463,463,463,463,463,463,463,463,463,463,463,463,463,463,463,463,463,463,463,463,463,463,463,463,463,463,463,463,463,463,463,463,463,463,463,463,463,463,463,463,463,463,463,463,463,463,463,463,463,463,463,463,463,463,463,463,463,463,463,463,463,463,463,463,463,463,463,463,463,463,463,
463,463,463,463,463,463,463,463,463,463,463,463,463,463,463,463,463,463,463,463,463,463,463,463,463,463,463,463,463,463,463,463,463,463,463,463,463,463,463,463,463,463,463,463,463,463,463,463,463,463,463,463,463,463,463,463,463,463,463,463,463,463,463,463,463,463,463,463,463,463,463,463,463,463,463,463,463,463,463,463,463,463,463,463,463,463,463,463,463,463,463,463,463,463,463,463,463,463,463,463,
463,463,463,463,463,463,463,463,463,463,463,463,463,463,463,463,463,463,463,463,463,463,463,463,463,463,463,463,463,463,463,463,463,463,463,463,463,463,463,463,463,463,463,463,463,463,463,463,463,463,463,463,463,463,463,463,463,463,463,463,463,463,463,463,463,463,463,463,463,463,463,463,463,463,463,463,463,463,463,463,463,463,463,463,463,463,463,463,463,463,463,463,463,463,463,463,463,463,463,463,
463,463,463,463,463,463,463,463,463,463,463,463,463,463,463,463,463,463,463,463,463,463,463,463,463,463,463,463,463,463,463,463,463,463,463,463,463,463,463,463,463,463,463,463,463,463,463,463,463,463,463,463,463,463,463,463,463,463,463,463,463,463,463,463,463,463,463,463,463,463,463,463,463,463,463,463,463,463,463,463,463,463,463,463,463,463,463,463,463,463,463,463,463,463,463,463,463,463,463,463,
463,463,463,463,463,463,463,463,463,463,463,463,463,463,463,463,463,463,463,463,463,463,463,463,463,463,463,463,463,463,463,463,463,463,463,463,463,463,463,463,463,463,463,463,463,463,463,463,463,463,463,463,463,463,463,463,463,463,463,463,463,463,463,463,463,463,463,463,463,463,463,463,463,463,463,463,463,463,463,463,463,463,463,463,463,463,463,463,463,463,463,463,463,463,463,463,463,463,463,463,
463,463,463,463,463,463,463,463,463,463,463,463,463,463,463,463,463,463,463,463,463,463,463,463,463,463,463,463,463,463,463,463,463,463,463,463,463,463,463,463,463,463,463,463,463,463,463,463,463,463,463,463,463,463,463,463,463,463,463,463,463,463,463,463,463,463,463,463,463,463,463,463,463,463,463,463,463,463,463,463,463,463,463,463,463,463,463,463,463,463,463,463,463,463,463,463,463,463,463,463,
463,463,463,463,463,463,463,463,463,463,463,463,463,463,463,463,463,463,463,463,463,463,463,463,463,463,463,463,463,463,463,463,463,463,463,463,463,463,463,463,463,463,463,463,463,463,463,463,463,463,463,463,463,463,463,463,463,463,463,463,463,463,463,463,463,463,463,463,463,463,463,463,463,463,463,463,463,463,463,463,463,463,463,463,463,463,463,463,463,463,463,463,463,463,463,463,463,463,463,463,
463,463,463,463,463,463,463,463,463,463,463,463,463,463,463,463,463,463,463,463,463,463,463,463,463,463,463,463,463,463,463,463,463,463,463,463,463,463,463,463,463,463,463,463,463,463,463,463,463,463,463,463,463,463,463,463,463,463,463,463,463,463,463,463,463,463,463,463,463,463,463,463,463,463,463,463,463,463,463,463,463,463,463,463,463,463,463,463,463,463,463,463,463,463,463,463,463,463,463,463,
463,463,463,463,463,463,463,463,463,463,463,463,463,463,463,463,463,463,463,463,463,463,463,463,463,463,463,463,463,463,463,463,463,463,463,463,463,463,463,463,463,463,463,463,463,463,463,463,463,463,463,463,463,463,463,463,463,463,463,463,463,463,463,463,463,463,463,463,463,463,463,463,463,463,463,463,463,463,463,463,463,463,463,463,463,463,463,463,463,463,463,463,463,463,463,463,463,463,463,463,
463,463,463,463,463,463,463,463,463,463,463,463,463,463,463,463,463,463,463,463,463,463,463,463,463,463,463,463,463,463,463,463,463,463,463,463,463,463,463,463,463,463,463,463,463,463,463,463,463,463,463,463,463,463,463,463,463,463,463,463,463,463,463,463,463,463,463,463,463,463,463,463,463,463,463,463,463,463,463,463,463,463,463,463,463,463,463,463,463,463,463,463,463,463,463,463,463,463,463,463,
463,463,463,463,463,463,463,463,463,463,463,463,463,463,463,463,463,463,463,463,463,463,463,463,463,463,463,463,463,463,463,463,463,463,463,463,463,463,463,463,463,463,463,463,463,463,463,463,463,463,463,463,463,463,463,463,463,463,463,463,463,463,463,463,463,463,463,463,463,463,463,463,463,463,463,463,463,463,463,463,463,463,463,463,463,463,463,463,463,463,463,463,463,463,463,463,463,463,463,463,
463,463,463,463,463,463,463,463,463,463,463,463,463,463,463,463,463,463,463,463,463,463,463,463,463,463,463,463,463,463,463,463,463,463,463,463,463,463,463,463,463,463,463,463,463,463,463,463,463,463,463,463,463,463,463,463,463,463,463,463,463,463,463,463,463,463,463,463,463,463,463,463,463,463,463,463,463,463,463,463,463,463,463,463,463,463,463,463,463,463,463,463,463,463,463,463,463,463,463,463,
463,463,463,463,463,463,463,463,463,463,463,463,463,463,463,463,463,463,463,463,463,463,463,463,463,463,463,463,463,463,463,463,463,463,463,463,463,463,463,463,463,463,463,463,463,463,463,463,463,463,463,463,463,463,463,463,463,463,463,463,463,463,463,463,463,463,463,463,463,463,463,463,463,463,463,463,463,463,463,463,463,463,463,463,463,463,463,463,463,463,463,463,463,463,463,463,463,463,463,463,
463,463,463,463,463,463,463,463,463,463,463,463,463,463,463,463,463,463,463,463,463,463,463,463,463,463,463,463,463,463,463,463,463,463,463,463,463,463,463,463,463,463,463,463,463,463,463,463,463,463,463,463,463,463,463,463,463,463,463,463,463,463,463,463,463,463,463,463,463,463,463,463,463,463,463,463,463,463,463,463,463,463,463,463,463,463,463,463,463,463,463,463,463,463,463,463,463,463,463,463,
463,463,463,463,463,463,463,463,463,463,463,463,463,463,463,463,463,463,463,463,463,463,463,463,463,463,463,463,463,463,463,463,463,463,463,463,463,463,463,463,463,463,463,463,463,463,463,463,463,463,463,463,463,463,463,463,463,463,463,463,463,463,463,463,463,463,463,463,463,463,463,463,463,463,463,463,463,463,463,463,463,463,463,463,463,463,463,463,463,463,463,463,463,463,463,463,463,463,463,463,
463,463,463,463,463,463,463,463,463,463,463,463,463,463,463,463,463,463,463,463,463,463,463,463,463,463,463,463,463,463,463,463,463,463,463,463,463,463,463,463,463,463,463,463,463,463,463,463,463,463,463,463,463,463,463,463,463,463,463,463,463,463,463,463,463,463,463,463,463,463,463,463,463,463,463,463,463,463,463,463,463,463,463,463,463,463,463,463,463,463,463,463,463,463,463,463,463,463,463,463,
463,463,463,463,463,463,463,463,463,463,463,463,463,463,463,463,463,463,463,463,463,463,463,463,463,463,463,463,463,463,463,463,463,463,463,463,463,463,463,463,463,463,463,463,463,463,463,463,463,463,463,463,463,463,463,463,463,463,463,463,463,463,463,463,463,463,463,463,463,463,463,463,463,463,463,463,463,463,463,463,463,463,463,463,463,463,463,463,463,463,463,463,463,463,463,463,463,463,463,463,
463,463,463,463,463,463,463,463,463,463,463,463,463,463,463,463,463,463,463,463,463,463,463,463,463,463,463,463,463,463,463,463,463,463,463,463,463,463,463,463,463,463,463,463,463,463,463,463,463,463,463,463,463,463,463,463,463,463,463,463,463,463,463,463,463,463,463,463,463,463,463,463,463,463,463,463,463,463,463,463,463,463,463,463,463,463,463,463,463,463,463,463,463,463,463,463,463,463,463,463,
463,463,463,463,463,463,463,463,463,463,463,463,463,463,463,463,463,463,463,463,463,463,463,463,463,463,463,463,463,463,463,463,463,463,463,463,463,463,463,463,463,463,463,463,463,463,463,463,463,463,463,463,463,463,463,463,463,463,463,463,463,463,463,463,463,463,463,463,463,463,463,463,463,463,463,463,463,463,463,463,463,463,463,463,463,463,463,463,463,463,463,463,463,463,463,463,463,463,463,463,
463,463,463,463,463,463,463,463,463,463,463,463,463,463,463,463,463,463,463,463,463,463,463,463,463,463,463,463,463,463,463,463,463,463,463,463,463,463,463,463,463,463,463,463,463,463,463,463,463,463,463,463,463,463,463,463,463,463,463,463,463,463,463,463,463,463,463,463,463,463,463,463,463,463,463,463,463,463,463,463,463,463,463,463,463,463,463,463,463,463,463,463,463,463,463,463,463,463,463,463,
463,463,463,463,463,463,463,463,463,463,463,463,463,463,463,463,463,463,463,463,463,463,463,463,463,463,463,463,463,463,463,463,463,463,463,463,463,463,463,463,463,463,463,463,463,463,463,463,463,463,463,463,463,463,463,463,463,463,463,463,463,463,463,463,463,463,463,463,463,463,463,463,463,463,463,463,463,463,463,463,463,463,463,463,463,463,463,463,463,463,463,463,463,463,463,463,463,463,463,463,
463,463,463,463,463,463,463,463,463,463,463,463,463,463,463,463,463,463,463,463,463,463,463,463,463,463,463,463,463,463,463,463,463,463,463,463,463,463,463,463,463,463,463,463,463,463,463,463,463,463,463,463,463,463,463,463,463,463,463,463,463,463,463,463,463,463,463,463,463,463,463,463,463,463,463,463,463,463,463,463,463,463,463,463,463,463,463,463,463,463,463,463,463,463,463,463,463,463,463,463,
463,463,463,463,463,463,463,463,463,463,463,463,463,463,463,463,463,463,463,463,463,463,463,463,463,463,463,463,463,463,463,463,463,463,463,463,463,463,463,463,463,463,463,463,463,463,463,463,463,463,463,463,463,463,463,463,463,463,463,463,463,463,463,463,463,463,463,463,463,463,463,463,463,463,463,463,463,463,463,463,463,463,463,463,463,463,463,463,463,463,463,463,463,463,463,463,463,463,463,463,
463,463,463,463,463,463,463,463,463,463,463,463,463,463,463,463,463,463,463,463,463,463,463,463,463,463,463,463,463,463,463,463,463,463,463,463,463,463,463,463,463,463,463,463,463,463,463,463,463,463,463,463,463,463,463,463,463,463,463,463,463,463,463,463,463,463,463,463,463,463,463,463,463,463,463,463,463,463,463,463,463,463,463,463,463,463,463,463,463,463,463,463,463,463,463,463,463,463,463,463,
463,463,463,463,463,463,463,463,463,463,463,463,463,463,463,463,463,463,463,463,463,463,463,463,463,463,463,463,463,463,463,463,463,463,463,463,463,463,463,463,463,463,463,463,463,463,463,463,463,463,463,463,463,463,463,463,463,463,463,463,463,463,463,463,463,463,463,463,463,463,463,463,463,463,463,463,463,463,463,463,463,463,463,463,463,463,463,463,463,463,463,463,463,463,463,463,463,463,463,463,
463,463,463,463,463,463,463,463,463,463,463,463,463,463,463,463,463,463,463,463,463,463,463,463,463,463,463,463,463,463,463,463,463,463,463,463,463,463,463,463,463,463,463,463,463,463,463,463,463,463,463,463,463,463,463,463,463,463,463,463,463,463,463,463,463,463,463,463,463,463,463,463,463,463,463,463,463,463,463,463,463,463,463,463,463,463,463,463,463,463,463,463,463,463,463,463,463,463,463,463,
463,463,463,463,463,463,463,463,463,463,463,463,463,463,463,463,463,463,463,463,463,463,463,463,463,463,463,463,463,463,463,463,463,463,463,463,463,463,463,463,463,463,463,463,463,463,463,463,463,463,463,463,463,463,463,463,463,463,463,463,463,463,463,463,463,463,463,463,463,463,463,463,463,463,463,463,463,463,463,463,463,463,463,463,463,463,463,463,463,463,463,463,463,463,463,463,463,463,463,463,
463,463,463,463,463,463,463,463,463,463,463,463,463,463,463,463,463,463,463,463,463,463,463,463,463,463,463,463,463,463,463,463,463,463,463,463,463,463,463,463,463,463,463,463,463,463,463,463,463,463,463,463,463,463,463,463,463,463,463,463,463,463,463,463,463,463,463,463,463,463,463,463,463,463,463,463,463,463,463,463,463,463,463,463,463,463,463,463,463,463,463,463,463,463,463,463,463,463,463,463,
463,463,463,463,463,463,463,463,463,463,463,463,463,463,463,463,463,463,463,463,463,463,463,463,463,463,463,463,463,463,463,463,463,463,463,463,463,463,463,463,463,463,463,463,463,463,463,463,463,463,463,463,463,463,463,463,463,463,463,463,463,463,463,463,463,463,463,463,463,463,463,463,463,463,463,463,463,463,463,463,463,463,463,463,463,463,463,463,463,463,463,463,463,463,463,463,463,463,463,463,
463,463,463,463,463,463,463,463,463,463,463,463,463,463,463,463,463,463,463,463,463,463,463,463,463,463,463,463,463,463,463,463,463,463,463,463,463,463,463,463,463,463,463,463,463,463,463,463,463,463,463,463,463,463,463,463,463,463,463,463,463,463,463,463,463,463,463,463,463,463,463,463,463,463,463,463,463,463,463,463,463,463,463,463,463,463,463,463,463,463,463,463,463,463,463,463,463,463,463,463,
463,463,463,463,463,463,463,463,463,463,463,463,463,463,463,463,463,463,463,463,463,463,463,463,463,463,463,463,463,463,463,463,463,463,463,463,463,463,463,463,463,463,463,463,463,463,463,463,463,463,463,463,463,463,463,463,463,463,463,463,463,463,463,463,463,463,463,463,463,463,463,463,463,463,463,463,463,463,463,463,463,463,463,463,463,463,463,463,463,463,463,463,463,463,463,463,463,463,463,463,
463,463,463,463,463,463,463,463,463,463,463,463,463,463,463,463,463,463,463,463,463,463,463,463,463,463,463,463,463,463,463,463,463,463,463,463,463,463,463,463,463,463,463,463,463,463,463,463,463,463,463,463,463,463,463,463,463,463,463,463,463,463,463,463,463,463,463,463,463,463,463,463,463,463,463,463,463,463,463,463,463,463,463,463,463,463,463,463,463,463,463,463,463,463,463,463,463,463,463,463,
463,463,463,463,463,463,463,463,463,463,463,463,463,463,463,463,463,463,463,463,463,463,463,463,463,463,463,463,463,463,463,463,463,463,463,463,463,463,463,463,463,463,463,463,463,463,463,463,463,463,463,463,463,463,463,463,463,463,463,463,463,463,463,463,463,463,463,463,463,463,463,463,463,463,463,463,463,463,463,463,463,463,463,463,463,463,463,463,463,463,463,463,463,463,463,463,463,463,463,463,
463,463,463,463,463,463,463,463,463,463,463,463,463,463,463,463,463,463,463,463,463,463,463,463,463,463,463,463,463,463,463,463,463,463,463,463,463,463,463,463,463,463,463,463,463,463,463,463,463,463,463,463,463,463,463,463,463,463,463,463,463,463,463,463,463,463,463,463,463,463,463,463,463,463,463,463,463,463,463,463,463,463,463,463,463,463,463,463,463,463,463,463,463,463,463,463,463,463,463,463,
463,463,463,463,463,463,463,463,463,463,463,463,463,463,463,463,463,463,463,463,463,463,463,463,463,463,463,463,463,463,463,463,463,463,463,463,463,463,463,463,463,463,463,463,463,463,463,463,463,463,463,463,463,463,463,463,463,463,463,463,463,463,463,463,463,463,463,463,463,463,463,463,463,463,463,463,463,463,463,463,463,463,463,463,463,463,463,463,463,463,463,463,463,463,463,463,463,463,463,463,
463,463,463,463,463,463,463,463,463,463,463,463,463,463,463,463,463,463,463,463,463,463,463,463,463,463,463,463,463,463,463,463,463,463,463,463,463,463,463,463,463,463,463,463,463,463,463,463,463,463,463,463,463,463,463,463,463,463,463,463,463,463,463,463,463,463,463,463,463,463,463,463,463,463,463,463,463,463,463,463,463,463,463,463,463,463,463,463,463,463,463,463,463,463,463,463,463,463,463,463,
463,463,463,463,463,463,463,463,463,463,463,463,463,463,463,463,463,463,463,463,463,463,463,463,463,463,463,463,463,463,463,463,463,463,463,463,463,463,463,463,463,463,463,463,463,463,463,463,463,463,463,463,463,463,463,463,463,463,463,463,463,463,463,463,463,463,463,463,463,463,463,463,463,463,463,463,463,463,463,463,463,463,463,463,463,463,463,463,463,463,463,463,463,463,463,463,463,463,463,463

